-1.463573717810603969e-01
-1.537173238219015081e-01
-1.309773072622998358e-01
-1.365747163797670083e-01
-1.854941601286094754e-01
-9.860578376595466321e-02
2.167683768759663676e-02
-1.460782982250965201e-01
-1.427843725173820744e-01
-1.643070658165808051e-01
-1.326927660292270272e-01
-1.550760846513294100e-01
-1.447065581257570288e-01
-9.933483228067724324e-02
-1.471412090892270375e-01
-2.494932440180638311e-01
-3.446383643297038502e-01
-1.280553791418920229e-01
-1.152610538444376331e-01
-1.795064802342931087e-01
-1.121715553356732176e-01
-8.480914261587413350e-02
-1.259404658460225868e-01
-1.378346434145244770e-01
-1.511046821809867713e-01
-1.253902142936722530e-01
-1.539487165872940877e-01
-1.565205092375400175e-01
-1.407536487682962134e-01
-1.717875503424270145e-01
-1.599726436744949298e-01
-1.632377125956654684e-01
-1.479697808116260394e-01
-9.780378122175234501e-02
-1.209663204313726481e-01
-1.483431908833651169e-01
-1.100746589104801276e-01
-1.119389591382202731e-01
-1.454810278657815426e-01
-1.561543264203252290e-01
-1.497010592385237815e-01
-8.987153452384437358e-02
-1.513396556126351267e-01
-1.162715481050162480e-01
-2.208149099292651407e-01
-1.589057225870124102e-01
-2.148705153019963565e-01
-1.219338012135746385e-01
-1.321409106639063191e-01
-1.480226901597658518e-01
-1.180438376763839337e-01
-1.677643000670890616e-01
-1.115520697184902849e-01
-1.206724501666300992e-01
-1.276693536585896127e-01
-1.152938361464967837e-01
-1.831951268634351981e-01
-1.753278207085054441e-01
-1.656835458113146142e-01
-1.425477036065098679e-01
-2.040087656222531465e-01
-1.413447857881738323e-01
-1.026155915054858814e-01
-1.436092497756620012e-01
-1.446986471311983435e-01
-1.398984716672015960e-01
-1.241922784113154432e-01
-1.111252746357846849e-01
-1.548312083165011011e-01
-1.155056042654485360e-01
-8.146457852000030253e-02
-1.508161810875954523e-01
-1.454756180985945224e-01
-1.097060866804851625e-01
-1.051463058568360143e-01
-1.003172120730207451e-01
-1.508577738995870166e-01
-1.640882864126037566e-01
-2.022433514499386298e-01
-1.423975767752524990e-01
-1.465925890757883709e-01
-1.430230157174339767e-01
-1.478892518573080295e-01
-1.492143470680150630e-01
-1.419790500106046238e-01
-1.433385578037333075e-01
-2.019886536345267825e-01
-1.601492635020586586e-01
-1.650781196048105581e-01
-1.270373276933322582e-01
-1.295548380884414263e-01
-9.100381807015142654e-02
-1.030961283900945491e-01
-1.338544733261059494e-01
-6.149725144815150479e-02
-1.553791432160918362e-01
-1.417947092551718469e-01
-1.183212079611021678e-01
-1.427523013724610046e-01
-1.510764989661134428e-01
