-3.401107602387840600e-01
-3.796604597986560359e-01
-4.183721161772575581e-01
-3.340302970193165799e-01
-4.904637807647660441e-01
-2.952623590418871347e-01
-3.641523631235777381e-01
-3.228648761138044332e-01
-3.851838275466712425e-01
-6.238861519904670416e-01
-3.392213559071201590e-01
-3.451617217559496131e-01
-3.663935938600439979e-01
-5.121750053013319759e-01
-3.672997910510776842e-01
-6.976915826849717783e-01
-9.173413868546924643e-01
-3.628475255947186673e-01
-2.995161967196302566e-01
-5.548298311631417734e-01
-5.154978039410131885e-01
-3.232634363956772283e-01
-3.458373659028776692e-01
-3.576555173683665934e-01
-3.451441117384125845e-01
-3.289086819135402240e-01
-4.179037083139893194e-01
-3.982955056519258408e-01
-3.314378977205216792e-01
-4.887818014536398081e-01
-4.403428146417244782e-01
-7.357612280131781146e-01
-3.896772538587181534e-01
-3.281169282332810910e-01
-3.503252187502301496e-01
-3.547043421390222995e-01
-3.750033964546822807e-01
-3.278918047933685465e-01
-3.627694251157210781e-01
-4.561308267432351293e-01
-3.796156516286439131e-01
-3.523360894061849935e-01
-4.797676359764798115e-01
-3.689151727580976536e-01
-4.167379408385180062e-01
-6.484955318806698843e-01
-4.384489398899122925e-01
-3.894010340169951068e-01
-3.329767100103283584e-01
-4.091203183400144439e-01
-3.293203655575482891e-01
-4.974625894602797693e-01
-3.408913695545785494e-01
-3.314604093945233143e-01
-3.555477158693159390e-01
-3.469515296706499052e-01
-6.269362996075851235e-01
-6.029925615276026107e-01
-5.133614646194590847e-01
-3.548743459863296090e-01
-5.682686073402070104e-01
-3.884963999627523146e-01
-3.132145338952324054e-01
-3.954898891001778494e-01
-3.700243254217405187e-01
-3.391313712400964020e-01
-3.620873126528479369e-01
-3.404383667576602601e-01
-3.734580703243736699e-01
-3.578089115178697543e-01
-2.818597538252749501e-01
-3.441752552073169547e-01
-3.451601807268092625e-01
-4.063404381398009191e-01
-2.870166959911603088e-01
-2.998843559899021516e-01
-5.425613485656289869e-01
-4.650912941521010424e-01
-6.232415338856720499e-01
-3.506330933647544001e-01
-3.649486487629982068e-01
-3.515432860214845467e-01
-3.409655724088472839e-01
-7.378319136028714809e-01
-3.736678592419033218e-01
-3.370243846904327767e-01
-7.816149453056584484e-01
-4.088981904179701532e-01
-4.181170157590842207e-01
-3.712294544327045531e-01
-3.119972728504812332e-01
-2.759973532664314888e-01
-3.324579171129896094e-01
-3.703654275389439698e-01
-3.513845346673990511e-01
-3.758640884260484039e-01
-4.061254146812444676e-01
-3.530754715524592746e-01
-3.644346695991844687e-01
-3.523279762262278014e-01
