4.307817138318215805e-02
9.984736485222935054e-02
1.922807289740958991e-01
5.298747339417549801e-02
4.319168871147352484e-02
7.441685780871393208e-02
6.819602583882947711e-01
3.620462593312311766e-02
8.010989454291757295e-02
5.990506795355672598e-02
6.396236212407624411e-02
3.663211745608392633e-02
7.455714908746433056e-02
1.068347564067297639e-01
5.848522713468355672e-02
4.406379631046976331e-02
-3.454049139339644692e-03
5.804070347052215501e-02
5.514109493879060936e-02
5.532456673404997916e-02
1.250082265130856296e-01
9.261348984439189691e-02
6.250428571705728131e-02
5.962360115020613055e-02
5.209813184626867211e-02
5.609586241219047253e-02
5.793314619480105510e-02
6.028209871812577336e-02
4.893148304755509659e-02
6.000053591241226447e-02
4.892147610727191898e-02
6.275742834106351475e-02
6.212544001705266883e-02
7.893420995543437568e-02
7.036853008433005541e-02
5.940144143428567614e-02
9.618917386884708043e-02
6.897988162163654069e-02
1.632484755437837998e-01
5.173472002008255854e-02
8.622065756732535946e-02
9.401450044745715551e-02
6.044770380148250383e-02
6.006073029233608557e-02
6.930854296421735949e-02
5.151202587576764191e-02
1.080605242446135428e-01
6.829234667524219926e-02
5.378555767521860792e-02
7.058929293708122998e-02
5.813204446242696555e-02
7.638135320404521034e-02
8.277427798319664243e-02
5.702856038304830733e-02
6.067045643108477659e-02
7.434844417960392859e-02
5.398564623116386407e-02
4.206514848129137840e-02
6.105221705623361389e-02
9.670342079443997041e-02
4.794240427237652508e-02
1.003831505204133973e-01
7.078886740206724593e-02
2.765575924451625367e-01
5.539840222881951826e-02
4.895822674034721461e-02
6.544093907168596624e-02
6.637594900027767031e-02
9.616083763246567606e-02
6.975796148127985652e-02
7.760717484409607181e-02
5.533718504672061056e-02
4.737448492002188649e-02
7.477091202611231557e-02
6.071470799322556400e-02
7.789793626382732206e-02
5.340506432753241300e-02
6.073662703071263519e-02
3.944075304450245928e-02
8.130449174996851047e-02
6.275412483085564264e-02
7.809314193983152297e-02
4.532437433473613525e-02
6.861750117797497939e-02
5.865434486461533481e-02
4.868573782665087946e-02
7.518061278510906886e-02
4.670242599704027553e-02
5.190806088652397121e-02
1.976119496404864506e-01
4.375008657082742752e-02
6.966376531814387485e-02
9.042500233951900057e-02
1.716734190013083639e-01
4.697599351065236961e-01
1.224526214148085879e-01
9.104217409281432916e-02
6.349764898591286899e-02
1.151373882023663531e-01
9.017880398206787329e-02
