-1.448100234102360218e-01
-1.376855377006969416e-01
-1.234453409726969514e-01
-1.402619953775325057e-01
-2.178362308597348584e-01
-1.092149636345414176e-01
1.368673015848425600e-01
-1.442444650408054307e-01
-1.454209606434278546e-01
-2.604456379922783782e-01
-1.349508541095126302e-01
-1.526892951271060783e-01
-1.485941997008510818e-01
-1.823226936812512022e-01
-1.500528115077854052e-01
-3.129420381030418863e-01
-4.361245769763255065e-01
-1.541768800897019565e-01
-1.211949522508430216e-01
-2.340049480525270564e-01
-1.910902145833212329e-01
-1.143098224560571419e-01
-1.414122276840195369e-01
-1.490180422622953693e-01
-1.497930308871044669e-01
-1.354279620820190433e-01
-1.736226057552031909e-01
-1.686860340722671492e-01
-1.408723543439448223e-01
-2.040749128541021751e-01
-1.904129310050028945e-01
-2.987962616609514677e-01
-1.577715906548438907e-01
-1.221300444899714455e-01
-1.379653743821827594e-01
-1.469335581579425121e-01
-1.372452289164104722e-01
-1.293915411129480386e-01
-1.056760853907688646e-01
-1.953195265173159889e-01
-1.496297013851592417e-01
-1.238856222318044098e-01
-1.997575630461058405e-01
-1.542950853595785321e-01
-1.758599556126187180e-01
-2.736256179110933551e-01
-1.680073661200673363e-01
-1.619219390138925962e-01
-1.392133714668941091e-01
-1.654360918153330307e-01
-1.307936452023948370e-01
-2.224282232454708741e-01
-1.259800096008895920e-01
-1.329445796384093048e-01
-1.434201865368348872e-01
-1.313602209556459788e-01
-2.735541934199917646e-01
-2.653972670694256797e-01
-2.146114418774957844e-01
-1.299939229969581389e-01
-2.528302269336971109e-01
-1.359395385979196014e-01
-1.202930049681907865e-01
-7.644286562133797980e-02
-1.563255439016283943e-01
-1.416567947331904276e-01
-1.436317594357236771e-01
-1.373889277736161652e-01
-1.444717424909223724e-01
-1.473577567115297027e-01
-1.016977903105307501e-01
-1.410482320361922948e-01
-1.485492400824389714e-01
-1.598972610230977587e-01
-1.124804132729433775e-01
-1.116455324764481505e-01
-2.341858027088921101e-01
-1.924836692400425375e-01
-2.752289106569692501e-01
-1.304701323774805632e-01
-1.504225476470993084e-01
-1.350212464112362787e-01
-1.488176357152797280e-01
-3.210365797965276102e-01
-1.545076536632819242e-01
-1.404005526901495049e-01
-3.186776985744641522e-01
-1.773355896828504308e-01
-1.796288618434146167e-01
-9.553871583610079599e-02
-1.317878126979468156e-01
-1.043971986153055670e-01
-1.221875481192939566e-01
-1.034282420944250547e-01
3.004109792699279774e-02
-1.344849092528556389e-01
-1.586120421180151896e-01
-1.428748976011813832e-01
-1.261678327250584652e-01
-1.345504177275357593e-01
