-1.226771131349404520e-01
-1.610376504053703250e-01
-1.672165382261101563e-01
-2.788798622993660103e-01
-2.145497012560335648e-01
-5.313108317364534372e-02
-1.709307426493156257e-01
-1.400664149874228936e-01
-1.514212913344952227e-01
-1.836408611708035821e-01
-1.585237979452340795e-01
-4.028553508394128180e-02
-1.646786419797474643e-01
-2.714943263175264576e-01
-1.768775225449052968e-01
-1.588295831121393498e-01
-3.662637752007249503e-01
-2.176926387310977873e-01
-1.221533790322326674e-01
-2.805055100996227679e-01
-1.111301657935999110e-01
-1.748010870014078399e-01
-1.628392386293695537e-01
-8.032842402100259793e-02
1.390326856482770879e-03
-8.813298896624432999e-02
-1.483704392711173714e-01
-1.156651130886037215e-01
-1.348369572362104751e-01
-2.299155117030871054e-01
-2.814008597060628780e-01
-2.125132664636772972e-01
-1.891975013077962231e-01
-1.318187740921383799e-01
-2.191474211189978760e-01
-1.646674001995662717e-01
-1.593155846755744953e-01
-1.762018081504095335e-01
-1.461046374028114325e-01
-8.058743269806933895e-02
-1.669731967125367422e-01
-1.645362571519730643e-01
-1.573205174151650620e-01
-2.558943376713171958e-01
-1.007321752748322474e-01
-1.650692884273770034e-01
-1.779174316441172188e-01
-1.697144057173494147e-01
-2.718662149662711691e-01
-2.367696832618919611e-01
-7.130446939023749042e-02
-1.298129114809258855e-01
-1.165376773660664611e-01
-3.920697678789331064e-03
-3.960164416912188567e-01
-6.500565975169614319e-02
-1.245263057138672469e-01
-1.364499225734359111e-01
-2.063478003350400769e-01
-5.350072029455033018e-02
-1.621005088173694819e-01
-9.220390005380130205e-02
-1.798376724555283968e-01
-1.807468355042538555e-01
-1.174641492367738405e-01
-1.123859758011032106e-01
-7.608482922208703592e-02
-1.816109488344805900e-01
-9.302289057129708993e-02
-2.136793947935931026e-01
-6.853984284153913364e-02
-1.392135318769305297e-01
-1.734681132683295601e-01
-9.723374503550452630e-02
-1.519081459226561126e-01
-2.020086235517117856e-01
-1.121893250417835830e-01
-1.554599522967050618e-01
-2.321692534677457509e-01
-1.760693798011097044e-01
-1.195367945077761007e-01
-9.590695407914795467e-02
-1.378013622725386966e-01
-2.163565007886059099e-01
-1.935105459910437808e-01
-2.625734198220919247e-01
-1.826547201783919050e-01
-2.200110539169419788e-01
-1.892314314957426191e-01
-1.167960860283867586e-01
-8.235706302016965186e-02
-2.096575470431432109e-01
-1.259082938122340067e-01
-1.998980598933082220e-01
-1.840476643156150338e-01
-3.348146584401163750e-01
-1.079145614431047395e-01
-9.402828864991219504e-02
-9.272970773841660019e-02
-1.904675174483401179e-01
