6.245623495446442908e-01
6.738512559309322025e-01
7.616532293416073962e-01
6.328676165539020015e-01
7.121505995842551950e-01
6.399942726396318227e-01
7.063692230549462048e-01
6.274048479745497620e-01
6.950885700668234524e-01
6.375744631028333886e-01
6.698407045759972034e-01
6.389410567762092708e-01
6.729241426545222726e-01
6.256867191430531827e-01
6.692785373132681404e-01
7.554815128245252476e-01
7.629537605881308027e-01
6.518693514597375671e-01
6.246726902179124963e-01
6.694923548710889349e-01
6.314284210783210893e-01
6.484096579815435968e-01
6.500267767348121284e-01
6.543398011361707400e-01
6.662611885867556483e-01
6.510716971219072668e-01
6.648637790921159141e-01
7.006273039890730248e-01
6.525138097889281452e-01
6.931466887998687376e-01
7.123291113066682056e-01
6.621601501871537954e-01
6.717890510575547092e-01
6.357857607898483865e-01
6.291460478689523406e-01
6.592685804859454990e-01
6.344649296293064511e-01
6.171988377115905644e-01
6.427756493714383845e-01
6.848571743217766183e-01
6.867840842713999194e-01
6.524479525335838970e-01
6.548739538725105724e-01
6.433135518583410484e-01
6.005684470864166569e-01
6.694875367824409951e-01
6.312280000963224058e-01
6.540249287668757905e-01
6.429942182567425224e-01
6.755535843071022173e-01
6.288656351010750711e-01
6.955886770319295032e-01
6.476752094045744590e-01
6.439687052415483670e-01
6.433338847748826250e-01
6.663307519888354014e-01
6.731260548727883153e-01
6.873454840349029205e-01
6.494425545398879729e-01
6.953834691216002062e-01
7.033439734546933497e-01
7.013655691070980192e-01
6.203209675097720588e-01
6.610804587740954918e-01
6.486166940344262333e-01
6.352885233793681419e-01
6.528811060252216469e-01
6.439869571872101073e-01
6.599327197608861884e-01
6.299033253644942265e-01
6.360219913398856839e-01
6.391196092091004921e-01
6.605792659529389210e-01
6.425411763595678671e-01
6.324969637633170993e-01
6.503404523700370143e-01
6.390223303982576208e-01
6.921980784875596537e-01
6.981301264906760728e-01
6.358168916707195306e-01
6.629438143705486119e-01
6.294385788696243988e-01
6.248894338947816873e-01
6.627928280722694687e-01
6.597215301510127583e-01
6.311851505324583833e-01
6.742276493686860661e-01
7.092294832914860514e-01
6.910630481705442030e-01
6.945263360011976195e-01
6.440432517900460674e-01
6.125018225706984065e-01
6.557248460236965171e-01
6.927157996434770704e-01
7.104519367280909270e-01
6.887776348631269308e-01
6.392642041311669132e-01
6.685258441706771748e-01
6.712448614208399444e-01
6.614888278913558795e-01
