1.315617436895416326e+00
1.463655547689452385e+00
2.045973449815299716e+00
1.219094859391659069e+00
1.763492161879181452e+00
1.118619523429670526e+00
2.215456555818529960e+00
1.153846904934480166e+00
1.528025988449380090e+00
2.046911467526030926e+00
1.290983387248618275e+00
1.063517910601998517e+00
1.446665474654484029e+00
1.644597735966797591e+00
1.355635760146433277e+00
2.528699337983315587e+00
2.485442132125548653e+00
1.355882194893133441e+00
1.121151751429683596e+00
1.845386520134553843e+00
1.444707891837902825e+00
1.166515304086342075e+00
1.306479279693415485e+00
1.442172064224305217e+00
1.208710111955503264e+00
1.330855518790817760e+00
1.623802119413714884e+00
1.602293387195225183e+00
1.241736770961119785e+00
1.777829569776605778e+00
1.527462054590615237e+00
2.812873306714440247e+00
1.539809787566170929e+00
1.224209131738493106e+00
1.367427669058506989e+00
1.519836731761198934e+00
1.310883891712834259e+00
1.332989271560480971e+00
1.846981723677357135e+00
1.635259727768193061e+00
1.359316486519108524e+00
1.290896049659290501e+00
1.913598082761760022e+00
1.252161410060259161e+00
1.381177849439654715e+00
2.600570950408410464e+00
1.338289867212384410e+00
1.625009622915670748e+00
1.190949897901345311e+00
1.562892112070241479e+00
1.257804573640000978e+00
2.489402889618712589e+00
1.286858764640834707e+00
1.224893658002762065e+00
1.383767244548543829e+00
1.249017714552657088e+00
2.133367035835710190e+00
2.543361374694819155e+00
2.207999578665615914e+00
1.548101086695586215e+00
1.762363700252752130e+00
1.589256282262105469e+00
1.219811909974601427e+00
1.851741725707632735e+00
1.846476070251284352e+00
1.279044870947991352e+00
1.292253008626771171e+00
1.281585344891831957e+00
1.552538218472842901e+00
1.411881118632638321e+00
1.076844806740554494e+00
1.186212344065449287e+00
1.412518570822247854e+00
1.696085762729460100e+00
1.075366531578322515e+00
1.088966683629612131e+00
2.847677782531518265e+00
1.972468868431873856e+00
2.109986745264098129e+00
1.649217430111983296e+00
1.441494351520886230e+00
1.435273819797282968e+00
1.289701498349152153e+00
2.690681271029252475e+00
1.389415933880818965e+00
1.232417520124792887e+00
2.172064347559830910e+00
1.464368005300593856e+00
1.663507441202370041e+00
1.885042408521720558e+00
1.046359381906924346e+00
1.048378293698545960e+00
1.188001437922660664e+00
1.463146408599375725e+00
2.435614361339426548e+00
1.309924508104495677e+00
2.323522962213782073e+00
1.304940540339856181e+00
1.494791837579713345e+00
1.382231820342040507e+00
