9.638652623453420887e-01
1.069516469301714068e+00
1.433331227185823176e+00
9.520222068545430849e-01
1.256168991426874992e+00
8.926747596850613808e-01
1.484768666963429906e+00
9.151887646450842517e-01
1.134994424345991293e+00
1.276464456766568167e+00
9.887089020255233063e-01
8.692294781396747716e-01
1.080999002789960750e+00
1.071978371718056433e+00
1.019328282002104569e+00
1.724043062237762491e+00
1.613469506527072994e+00
1.074688627571270150e+00
8.821245317154858823e-01
1.239257836629862775e+00
1.068376756312229725e+00
9.272933600970871826e-01
1.012754057802353280e+00
1.059643786667767484e+00
9.526820812217420276e-01
9.714025601591321779e-01
1.146474208715977605e+00
1.192726011257621233e+00
9.832553662887796309e-01
1.284642472120197887e+00
1.150637477334685910e+00
1.423470521415328705e+00
1.122918579051474852e+00
9.414370433677100580e-01
9.846866510170874109e-01
1.099077604881185000e+00
9.835179481425285752e-01
9.513687990978951792e-01
1.179404681709148361e+00
1.145902161059812130e+00
1.047373382339768177e+00
9.574892263505646595e-01
1.212460895511685788e+00
1.037071184345070618e+00
9.322681322541050974e-01
1.367466245011249359e+00
9.585497560184262911e-01
1.073485530253239117e+00
9.426376771771508567e-01
1.144066215776312401e+00
9.436576616199919831e-01
1.459199386496947914e+00
9.699103569344622588e-01
9.668090709491312662e-01
1.016070949294316295e+00
9.664506713458362874e-01
1.326550585837939167e+00
1.378718050397464978e+00
1.354348994856320765e+00
1.152376945843957667e+00
1.271763655220182754e+00
1.199403742878498491e+00
9.077691771687652622e-01
1.163893407517023748e+00
1.129196881387350748e+00
9.717457761017234130e-01
9.891144291863184224e-01
9.824332952667172991e-01
1.087345995413354860e+00
1.023564975601035876e+00
8.760803399022505378e-01
9.225683360259344656e-01
1.035892109258901073e+00
1.089335153426355784e+00
8.637337783221126220e-01
9.057067086253115518e-01
1.444001077974288227e+00
1.322709576340532767e+00
1.325359524540526746e+00
1.113224845003109698e+00
1.057790996646375659e+00
1.040914469171358103e+00
9.492320150690269909e-01
1.411480731317882320e+00
1.052933242660815782e+00
9.535254038010300137e-01
1.344246136686335857e+00
1.106196508350239416e+00
1.182398091771081905e+00
1.236645952955342853e+00
8.647674978143582436e-01
8.491657579017777291e-01
9.470256275474665530e-01
1.098651345111829603e+00
1.484793425281765389e+00
1.035535321806659415e+00
1.301372428936357739e+00
9.797162296153463235e-01
1.092866098162988076e+00
1.034042396425151722e+00
