8.544465260976574772e-01
9.536789244347088079e-01
1.366845065180920304e+00
8.853994051091016448e-01
1.184520618488616339e+00
8.465002454783565611e-01
1.377182511742068627e+00
8.149907716851594319e-01
1.081284261476090247e+00
9.758182361490913559e-01
9.295092669607896152e-01
8.442428840604025986e-01
9.937277224718612523e-01
8.865557177905888375e-01
9.519567333112181062e-01
1.781277191260216775e+00
1.383405903965202022e+00
9.185015287323412547e-01
8.344272572632784879e-01
1.118912328718621785e+00
9.599455099785807466e-01
8.631399674606330397e-01
9.488976165458918866e-01
9.194715032370111008e-01
9.315501921362949744e-01
8.646200927625471433e-01
1.077418680376080129e+00
1.096379534027940972e+00
9.786531640870866910e-01
1.210145009195412680e+00
1.079505307975121120e+00
9.931062549807909701e-01
1.057805546048302237e+00
8.667399130223394366e-01
8.831107435177667497e-01
1.013205472953296660e+00
9.390667832821706362e-01
8.426806208652006802e-01
9.546218835229562938e-01
1.014289594442560283e+00
1.007992673981422671e+00
8.690971118461452427e-01
1.024883695264563688e+00
8.959363070543217011e-01
7.714478239778960189e-01
9.700173054644850579e-01
8.459380250150201341e-01
8.601052790523910918e-01
8.815405399789555396e-01
1.108313977373490467e+00
8.613942654214428174e-01
1.128333861170001562e+00
8.952135555589759708e-01
9.097203120232526530e-01
9.171186284574865955e-01
9.234976948787922968e-01
1.084637012353646845e+00
1.052656735164618773e+00
1.176556626745066669e+00
9.935939618160792852e-01
1.208668917301189083e+00
1.187730348114824031e+00
8.211821641352701207e-01
9.872350132298448599e-01
9.200765752655997165e-01
8.937307309280317913e-01
9.371706746197570048e-01
8.696035531117505268e-01
9.437278254762155871e-01
8.305343657583796890e-01
8.084600685350266103e-01
8.567877044430651789e-01
9.650967437912330027e-01
8.583041142583827110e-01
8.333049426459189224e-01
8.491293137620011811e-01
1.014321376860405799e+00
1.222298882069846826e+00
1.091307439444968663e+00
9.949579339169021264e-01
9.983829052460256870e-01
9.695311177723857643e-01
8.616966816026011555e-01
9.723535098561831846e-01
1.022251088988043843e+00
8.969555358455604255e-01
1.100988572835629675e+00
1.060332358196729441e+00
1.091087541665692662e+00
1.059317198587501174e+00
8.506475198875755872e-01
7.669496476132997564e-01
9.054164410943812413e-01
1.063341826509353494e+00
1.224680117298601045e+00
9.900365359359739603e-01
9.127902608433458020e-01
9.100549333196958912e-01
1.054664166820719950e+00
9.667691503212552107e-01
