6.841095142968294240e-01
6.959506933238650550e-01
7.551195275903892501e-01
6.881103042083906995e-01
7.439208624740917264e-01
7.483194627115490327e-01
7.306982403558676120e-01
7.495382132272430109e-01
7.766850072206900046e-01
7.481081399579012636e-01
8.241298252423486792e-01
6.696755961644484945e-01
7.621609170171660397e-01
6.626082511057856950e-01
8.184812671939116768e-01
7.574966152099628092e-01
6.617403221688715753e-01
7.274912166611620101e-01
6.932056384053500997e-01
6.866157879932119901e-01
7.585254038340097926e-01
7.431640029461560326e-01
6.796434334121411736e-01
7.066501278639892858e-01
6.476722145519726581e-01
7.078635115187774662e-01
7.467390119142133242e-01
6.464564470606907198e-01
7.386113293039719974e-01
7.090878711883324970e-01
7.542733401226396905e-01
6.662438159190425813e-01
7.043385290381327657e-01
7.141581094325122336e-01
7.283148574499460626e-01
8.330268622333856232e-01
9.515830790637965775e-01
6.846356504572834734e-01
7.196036531136661418e-01
7.257011395087158423e-01
8.144127853022309349e-01
6.529990744018092652e-01
7.198160752709552579e-01
7.339237279925854285e-01
8.420454763566116441e-01
7.114321936760055198e-01
6.829535091573601946e-01
6.903388397234285767e-01
6.907974999748663913e-01
8.414983075493671638e-01
8.111729876217522728e-01
6.655127772226867577e-01
6.917733372742789211e-01
6.723992584522917593e-01
1.453729326265370769e+00
1.467835552475923455e+00
7.011413437242173252e-01
6.484676510916513870e-01
6.613846375118279663e-01
6.976314188379171277e-01
7.313580007549874695e-01
8.190891916532956341e-01
7.819222298705390539e-01
8.046798727629997927e-01
6.970026108109248497e-01
7.237162446152271000e-01
6.678348935746646342e-01
8.350308951982822192e-01
7.526194323758258475e-01
6.765272364331254007e-01
6.734308651844562732e-01
6.852681444977497538e-01
7.358344864777479621e-01
6.595336474273748584e-01
6.695956349172400568e-01
7.088063572874625518e-01
6.652837801184148248e-01
7.003754059224953643e-01
7.257307607467107236e-01
6.999797239796163861e-01
7.474366014922256829e-01
7.016745714057865957e-01
7.874401341161286760e-01
7.056289021566368724e-01
8.538284416214206862e-01
9.081090675123135725e-01
7.381826334656561572e-01
7.981198883205339323e-01
6.827579940241667034e-01
7.038452800526068254e-01
6.829374238116411311e-01
6.853021821635084665e-01
6.920757056685259423e-01
7.810203021681558777e-01
9.616887938337783659e-01
6.335597698337691597e-01
6.850477872787272826e-01
7.005647702921919961e-01
7.015153819882087305e-01
7.133394828504806551e-01
7.077276535241495692e-01
