6.619203568246102565e-01
7.270779094282046051e-01
8.654751966847327171e-01
6.689479988924504905e-01
7.979480700043251051e-01
6.728841500501440143e-01
7.713128862246084738e-01
6.571756102653329989e-01
7.541182082981894297e-01
6.783473193855099614e-01
7.155318144910595146e-01
6.741124490829147886e-01
7.220067271934488273e-01
6.682651700230941572e-01
7.137677814989589198e-01
8.384550294392127956e-01
8.645533891475888355e-01
6.945918402214825704e-01
6.576843480250045282e-01
7.191663630009904606e-01
6.658731951477364630e-01
6.796564526958234209e-01
6.994867726920636075e-01
6.939379344563855190e-01
7.069282137739728578e-01
6.825816756667818508e-01
7.195344710664649535e-01
7.676984413267964324e-01
6.953323229096664004e-01
7.535370871251626523e-01
7.886888483627108037e-01
7.076431471521642536e-01
7.280147232561816617e-01
6.716685176800081258e-01
6.674422349647439745e-01
7.020849755350976329e-01
6.731368554085729317e-01
6.501830140281515957e-01
6.812062002057063248e-01
7.411315040948619481e-01
7.477580707948173755e-01
6.909006758883433630e-01
6.978991469140586323e-01
6.860370956162303857e-01
6.262568976183972014e-01
7.179566486694062277e-01
6.620281536117041954e-01
6.903084055764511229e-01
6.811548309177708482e-01
7.388640011587970235e-01
6.619329567770730893e-01
7.764909176494456666e-01
6.888525885197583909e-01
6.828483678824195380e-01
6.803840418389700551e-01
7.153302896151849666e-01
7.229093178869594460e-01
7.452905796360442814e-01
6.996615074744259033e-01
7.442708195758573897e-01
7.682868407137639633e-01
7.736785729292148250e-01
6.522280493038480342e-01
7.032175308409036596e-01
6.855193732707763887e-01
6.722578861053319921e-01
6.945433298977364833e-01
6.832989524739275788e-01
7.027889746206132937e-01
6.616486076287266815e-01
6.680913647942006151e-01
6.777442547416326901e-01
7.057943007510518729e-01
6.765244785181999676e-01
6.620657224737732660e-01
6.852842047538716397e-01
6.834124967475352364e-01
7.481052305601307850e-01
7.540454651874771708e-01
6.825550101187790597e-01
7.149130614975578446e-01
6.678273068262902123e-01
6.600333254962651441e-01
7.146282004345246852e-01
7.062714034055910250e-01
6.686630979255846485e-01
7.214269898183741647e-01
7.899070990616270382e-01
7.607719760320217350e-01
7.566346738808846784e-01
6.793350125433466058e-01
6.377759051721935135e-01
7.022415852410288650e-01
7.486743008774010555e-01
7.769806133258273517e-01
7.455439962920555885e-01
6.792320431412960380e-01
7.055382486897652239e-01
7.161598699097107001e-01
7.084516899272040868e-01
