1.508347213664356090e-01
2.156472884575534044e-01
4.144382654456224002e-01
1.630940300826035916e-01
2.698427656053016821e-01
1.411455798502800896e-01
3.948475784973296543e-01
1.315427991500672800e-01
2.323489216545657488e-01
2.253333226124427657e-01
1.689796306231977074e-01
1.396130900256138951e-01
2.129734956401472257e-01
2.041939352066909907e-01
2.046800047737992179e-01
5.360327881693218721e-01
4.037055135316722776e-01
1.779993384098260689e-01
1.333737282179232597e-01
2.733171700573131524e-01
1.844088330971657141e-01
1.337615736190574112e-01
1.774574314947324205e-01
1.895440517981069606e-01
1.632401217896364831e-01
1.522302921923437136e-01
2.330467290965793081e-01
2.358157933876031120e-01
1.675905570053826121e-01
3.064719048982332827e-01
2.304457596959613164e-01
2.450501408712270068e-01
2.328383416046599930e-01
1.523833748821278866e-01
1.694637873153340135e-01
1.916558615363043172e-01
1.814190847091300962e-01
1.452779764798198259e-01
2.095558908783195506e-01
2.286047584932818788e-01
2.174476693925705417e-01
1.485614925225936800e-01
2.205685194157946116e-01
1.712106226226061123e-01
1.334781801727112360e-01
2.211398772323315554e-01
1.576103678408979913e-01
1.735380671274811548e-01
1.579586677419311802e-01
2.596709640206946723e-01
1.572157679562306010e-01
3.322181695757034925e-01
1.773074644059414173e-01
1.632762554939286015e-01
1.715187220945789681e-01
1.844122724154312332e-01
2.580695561671670912e-01
2.675556074946515706e-01
2.893227143057083284e-01
2.120154594877826371e-01
3.149025640732937559e-01
2.759642164543113507e-01
1.410254975825114832e-01
2.228814139973456787e-01
1.952136801366719798e-01
1.588287346581993553e-01
1.798397166392997626e-01
1.553578335265507482e-01
1.970871746114077339e-01
1.603385003614032356e-01
1.300516303835226317e-01
1.642268303313534350e-01
1.844420397871413542e-01
1.708605363651443942e-01
1.279889969793518989e-01
1.393837408052663318e-01
2.125173005793040693e-01
2.983238523934711450e-01
2.742845090892636062e-01
2.018636762009896612e-01
2.094890954034854258e-01
1.845802693491206681e-01
1.483394357511112482e-01
2.196622871759482676e-01
1.994079389971896987e-01
1.560219602770837599e-01
3.146052406746839836e-01
2.163553310956808362e-01
2.429875355725600594e-01
2.825116273344007167e-01
1.339163176801838606e-01
1.213398619881572299e-01
1.823816281937527539e-01
2.186863977648107471e-01
3.578971147362660088e-01
2.132579783410749608e-01
2.165002684593732019e-01
1.641203990115934208e-01
2.178986921040964031e-01
1.944729162153246149e-01
