4.580380088531735283e-01
1.448438458313064725e+00
1.039438865798715472e+00
3.726924873749302702e-01
4.996230843487356466e-01
2.932197171918440870e-01
1.008264260946500457e+00
2.755266681123715866e-01
7.106112800965841414e-01
6.769945855047764249e-01
4.214988959005583902e-01
3.188369005749339125e-01
5.169382545044479693e-01
5.666789442228158391e-01
4.618260430226696633e-01
1.537288312559331516e+00
8.268411959590723503e-01
4.286932170920210172e-01
2.411035831515353500e-01
5.483251516494378475e-01
3.843520194919708977e-01
2.872422072452927022e-01
4.505192231900165822e-01
4.002507143636872544e-01
2.932558406448795840e-01
3.561342458179333481e-01
5.590459988700980931e-01
5.621372924686857120e-01
3.119358429248914044e-01
8.960761695708406860e-01
6.248418879418161653e-01
9.042857089457142505e-01
7.044496530228633313e-01
3.462690640158228028e-01
3.755108873101408173e-01
3.606504241249980369e-01
4.234432123747631782e-01
3.707495454349260533e-01
4.565955815671129403e-01
4.501592651826989977e-01
5.704367642331035215e-01
3.363205968848433369e-01
6.013388435189548353e-01
3.674694640733192630e-01
3.309484352842447796e-01
8.058425329852060282e-01
3.469117533876228676e-01
4.415565786841927354e-01
3.225453419348514039e-01
6.071676418799755170e-01
3.147213655321675074e-01
1.678301716790104203e+00
3.537636408276490507e-01
3.321703139670655336e-01
4.406364431378520519e-01
3.511327063227765999e-01
7.400611612822395324e-01
7.306506441632323323e-01
8.924975518993207846e-01
6.052794300035507780e-01
6.954427455069047692e-01
8.028625583683826061e-01
3.222484531025223697e-01
5.123442225170511399e-01
4.374766824470299742e-01
3.338701183197929634e-01
4.437351665286474733e-01
3.282008269763574404e-01
6.073619558194774948e-01
3.881049673370939868e-01
2.410189006813330814e-01
3.684583473649823970e-01
3.514491962005949488e-01
7.200939899884110096e-01
2.610280488694774470e-01
3.014893402216277107e-01
9.611708705665742425e-01
6.361041294020534087e-01
6.301374660016280105e-01
4.280501813563223346e-01
4.103097540445967972e-01
4.573807282358733350e-01
3.555926737606043275e-01
8.540882616230521807e-01
4.276670788977212645e-01
3.539792121195591279e-01
7.879616336437058610e-01
4.678576134299065603e-01
5.177011838262942645e-01
6.314836733135047453e-01
2.367739069050966427e-01
2.205456188902381320e-01
4.736488057929876261e-01
4.479527343723828103e-01
8.024359864213509441e-01
4.504668831342892865e-01
9.227076192384437991e-01
4.328531837908390911e-01
4.973502213210888034e-01
3.874294849810161478e-01
