6.691057260164980924e-01
9.674523054019676938e-01
1.740112549655513430e+00
5.658200202830059311e-01
8.243970209521542802e-01
4.675026424468335939e-01
1.631135453380196720e+00
4.495492866315112801e-01
1.007416553469245191e+00
1.010889405467465307e+00
6.062046400920280131e-01
4.687850707624489077e-01
8.293461763585486812e-01
9.131225800394273673e-01
7.297250850363696806e-01
2.374300733855838619e+00
1.428728584219840503e+00
6.874098585035340880e-01
4.022290241676354516e-01
9.717119127542214185e-01
6.380635946473888209e-01
4.497442665168890907e-01
6.128389272207936944e-01
6.687041184993899323e-01
4.687591697494294385e-01
5.213266384020471822e-01
8.257497949028831385e-01
9.206979377425310584e-01
5.093478680518287449e-01
1.325872208063910707e+00
9.235991920760298068e-01
1.602916892681360839e+00
9.037560324973135106e-01
5.315986355085721149e-01
6.550505971712546893e-01
5.672061334449094439e-01
6.219686896112982533e-01
5.499026022689015303e-01
7.752452158226494916e-01
7.438589253241844057e-01
8.316496009626311858e-01
5.114817245451109828e-01
9.644469894202588600e-01
6.281463364663800730e-01
4.755803663838362172e-01
1.359219800425487401e+00
5.133366920793619448e-01
6.631227005221391746e-01
5.082419826002637642e-01
9.763026434346347981e-01
5.226546533505259662e-01
1.709061998883427913e+00
5.534874380102867697e-01
5.254391489758021283e-01
6.623466141989369227e-01
5.847084815382822542e-01
1.135783407142786361e+00
1.176500913055066988e+00
1.461497734389429537e+00
8.134471738167043942e-01
1.101399718790043947e+00
1.027550388756827804e+00
4.987267966904120331e-01
7.560948091972865548e-01
7.210976170392520146e-01
5.386481858148303159e-01
6.187246480267371007e-01
5.289893266123822935e-01
7.673885089745344779e-01
6.016535698869349691e-01
3.998043675691607679e-01
5.369905410038647853e-01
5.494506895581928729e-01
7.933753521732455072e-01
4.217504916063803400e-01
4.518481515773475343e-01
1.770149657467945392e+00
1.060952726332549112e+00
1.015693181125441047e+00
7.185223770763231599e-01
6.770653611338408595e-01
7.401062811391918572e-01
5.309485103485445112e-01
1.408946915837715474e+00
7.313345296541170493e-01
5.729833681104981036e-01
1.290924746787440958e+00
6.984904812968499854e-01
8.216924616909240253e-01
1.004843961772968752e+00
3.889038939341750156e-01
3.651466253174704413e-01
6.946854692421638999e-01
7.149574187210224752e-01
1.383591498266942610e+00
7.670983552777491665e-01
1.434414674663743838e+00
5.639235689792658768e-01
7.946358983264811826e-01
6.249135919953866525e-01
