4.199999999999999567e-02
4.199999999999999567e-02
3.400000000000000244e-02
3.400000000000000244e-02
3.800000000000000600e-02
3.400000000000000244e-02
4.199999999999999567e-02
2.199999999999999872e-02
2.999999999999999889e-02
1.800000000000000211e-02
4.599999999999999922e-02
2.999999999999999889e-02
4.199999999999999567e-02
4.199999999999999567e-02
4.199999999999999567e-02
5.799999999999999600e-02
3.800000000000000600e-02
2.600000000000000228e-02
3.400000000000000244e-02
3.800000000000000600e-02
4.199999999999999567e-02
5.000000000000000278e-02
2.600000000000000228e-02
2.999999999999999889e-02
4.199999999999999567e-02
4.199999999999999567e-02
6.199999999999999956e-02
3.400000000000000244e-02
3.400000000000000244e-02
4.199999999999999567e-02
2.999999999999999889e-02
2.600000000000000228e-02
5.000000000000000278e-02
3.400000000000000244e-02
3.800000000000000600e-02
4.199999999999999567e-02
3.400000000000000244e-02
4.599999999999999922e-02
5.000000000000000278e-02
3.400000000000000244e-02
3.400000000000000244e-02
2.600000000000000228e-02
5.400000000000000633e-02
3.400000000000000244e-02
3.400000000000000244e-02
4.199999999999999567e-02
3.400000000000000244e-02
3.400000000000000244e-02
3.400000000000000244e-02
2.199999999999999872e-02
5.000000000000000278e-02
2.999999999999999889e-02
4.599999999999999922e-02
1.000000000000000021e-02
8.200000000000000344e-02
3.400000000000000244e-02
5.000000000000000278e-02
2.600000000000000228e-02
6.199999999999999956e-02
5.000000000000000278e-02
3.800000000000000600e-02
2.999999999999999889e-02
3.400000000000000244e-02
3.800000000000000600e-02
3.800000000000000600e-02
3.800000000000000600e-02
7.000000000000000666e-02
2.999999999999999889e-02
4.199999999999999567e-02
3.400000000000000244e-02
2.199999999999999872e-02
2.199999999999999872e-02
2.999999999999999889e-02
2.199999999999999872e-02
2.999999999999999889e-02
2.600000000000000228e-02
2.600000000000000228e-02
2.999999999999999889e-02
4.199999999999999567e-02
2.999999999999999889e-02
5.000000000000000278e-02
3.800000000000000600e-02
2.600000000000000228e-02
6.600000000000000311e-02
5.400000000000000633e-02
3.800000000000000600e-02
4.599999999999999922e-02
2.999999999999999889e-02
4.599999999999999922e-02
4.199999999999999567e-02
2.600000000000000228e-02
3.400000000000000244e-02
5.799999999999999600e-02
5.000000000000000278e-02
4.199999999999999567e-02
2.999999999999999889e-02
2.199999999999999872e-02
3.400000000000000244e-02
4.199999999999999567e-02
3.800000000000000600e-02
