3.943777114078443613e-02
5.453561918007183290e-02
1.044770388559228130e-01
4.448700730402724290e-02
8.008467405581037868e-02
4.235762582083144046e-02
8.434244973106824750e-02
3.943718170565900516e-02
6.488963426501312415e-02
5.627250031272450909e-02
5.115830180338644395e-02
4.309592481773277112e-02
5.908597569817775758e-02
4.897856716150775919e-02
5.925312578806760100e-02
1.108006057868121952e-01
9.654512252878184875e-02
4.857883580533545881e-02
4.162302593747578550e-02
6.545119752915090627e-02
5.194671869015887039e-02
3.856462268010540928e-02
5.101060583921703667e-02
5.201457781977905648e-02
5.348864726816963261e-02
4.510281258906129187e-02
6.283852212061262488e-02
6.952157443396073111e-02
4.989596237194357520e-02
7.239701102675551170e-02
5.886917465978537545e-02
5.579565913390556464e-02
6.461665584216319536e-02
4.003805497170495609e-02
4.704911082021673296e-02
5.379062737210991985e-02
5.236802370037838689e-02
3.913860889915850988e-02
5.232110099960878002e-02
6.316568072143462220e-02
5.912508220058353137e-02
4.481272556398423895e-02
5.450514906319900432e-02
4.341776818767619645e-02
3.801620446870663389e-02
5.414885971434921230e-02
4.601734644807569524e-02
4.798915267358290493e-02
4.744726077813462423e-02
7.006282326214277600e-02
3.984786398209157199e-02
7.374449088165027644e-02
5.179255743241661242e-02
4.772504919071757917e-02
4.883332250687508203e-02
5.489812217974072983e-02
5.968376533562556180e-02
6.374880557281031868e-02
6.012578009904584464e-02
5.723716911746627722e-02
7.697180475532994226e-02
7.761702830002602249e-02
3.913089102552895493e-02
5.835310440789739928e-02
4.902198309973936768e-02
4.721532097786096394e-02
5.286146390929608030e-02
4.435093786839393315e-02
5.238197850652320797e-02
4.670447460774426740e-02
3.668131882526306370e-02
5.163389441451655265e-02
5.361435426656076253e-02
4.519258917642331869e-02
3.570034730061319439e-02
4.081123843512701743e-02
4.862059572900698234e-02
7.571006623280579495e-02
7.132767979441742567e-02
5.050739405230105644e-02
5.445131655479857474e-02
5.175971542284606153e-02
4.231461086039189912e-02
5.177978455129086249e-02
5.028662596124820056e-02
4.487595489564384643e-02
7.035473048675010277e-02
6.355738429129116629e-02
7.620403499862385410e-02
6.886504575789335891e-02
4.247841246071003968e-02
3.497058033736524796e-02
5.391436661710817535e-02
6.213213912892183444e-02
7.856602100441298364e-02
5.331618739484356856e-02
5.285579949737873040e-02
4.982579113658503617e-02
6.149179376349982185e-02
5.360409549903842608e-02
