-2.929375433848717750e-02
-2.974337399855138120e-01
-1.159445221066935094e-01
-9.572852005536336417e-02
-1.973532686277190695e-01
-4.748661159956076017e-02
-1.465371743141584693e-01
-1.313304115208804024e-01
-1.389470084741155076e-01
-1.412949784776048323e-01
-1.558160717753549473e-01
-1.493182614415328735e-01
-2.413217133104231804e-01
-9.894207974554623808e-02
-8.902531592342795286e-02
-1.283106424070243057e-01
-2.120633330749490120e-01
-9.732932453114054305e-02
-1.420765541969805645e-01
-1.646244663510093575e-01
-1.365583872203885163e-01
-1.783189804288642377e-01
-1.049229036538293219e-01
-2.703020699041487895e-01
-2.080825783244490690e-01
-9.099975079908095843e-02
-1.858758056883992316e-01
-8.981185784383005632e-02
-1.184905410220555982e-01
-1.162578263662698147e-01
-1.332266239931360063e-01
-1.757736998251739902e-01
-7.192454047350403668e-02
-1.276458488107863887e-01
-1.493219176490300504e-01
-1.226133504012555248e-01
-1.791639479863633699e-01
-1.302950930798879581e-01
-1.036108166843271589e-01
-1.358218059639821063e-01
-1.282481302215647823e-01
-1.586874540286665747e-01
-4.806212646781769099e-02
-1.669070287681321541e-01
-1.407684106698529058e-01
-1.621958744995116719e-01
-1.327194202445538262e-01
-1.201754821457859668e-01
-1.089738639564341166e-01
-1.271858919663190202e-01
-9.873492980697635979e-02
-1.362054841689194218e-01
-3.185668767233153509e-01
-1.514180072399331778e-01
-1.493916141853872115e-01
-1.542474170978348769e-01
-1.153056580378368084e-01
-1.170152839205253065e-01
-1.479287788511261525e-01
-1.193573406562037920e-01
-1.326032043563536988e-01
-1.401571253523925253e-01
-1.043136968205418263e-01
-1.508719149445237606e-01
-1.439658397707346826e-01
-1.301677205800937931e-01
-1.423505566045062121e-01
-7.435225574655104919e-02
-1.393612952310911424e-01
-1.384426397874333192e-01
-1.663884346638938028e-01
-1.113663705263975706e-01
-4.347794309908521032e-02
-1.342480405145446698e-01
6.600678846722185522e-02
-1.300368360174957438e-01
-1.258150573213277779e-01
-1.358518417767479447e-01
-9.920613893724575250e-02
-1.371509245003025013e-01
-1.229816812345441851e-01
-2.844771349502947522e-01
2.584067253504081230e-02
-1.624083103997470134e-01
-1.380240527877119872e-01
-2.953224147091008667e-01
-1.570453532473161384e-01
-8.875173437669438281e-02
-1.090994834551320958e-01
-1.966939602869016146e-01
-1.158065102960807030e-01
-1.958916941093689079e-01
-8.245600516927797941e-02
-1.232002651680207256e-01
-1.413093531105567846e-01
-1.893047474638414052e-01
-6.725866454982006026e-02
-1.475296117365032245e-01
-8.976803525003490547e-02
-1.458527764185586773e-01
