3.887110242064920618e-01
1.091461478442297406e-01
8.747333811206060850e-02
1.375530349931612939e-01
1.672777378940663584e-01
1.691175983567852481e-01
7.541790559989218490e-02
6.104075057086158496e-02
1.292066646811771413e-01
6.514080083601873905e-02
8.106463457634077718e-02
8.719233883937704821e-02
1.127625732915184809e-01
1.134270599558515752e-01
1.097005246698255776e-01
8.680157366283079712e-02
9.319405901594193797e-02
1.217980749615163866e-01
1.180185338871448802e-01
9.518131379570723971e-02
8.764695845956475828e-02
3.846157788157083396e-02
1.115628967955528961e-01
1.642416003772397826e-01
1.027527922378035502e-01
8.723478871145397273e-02
1.077579814122205937e-01
1.617342428901832052e-01
9.373250993935916542e-02
8.215289172349878044e-02
8.441903809393495883e-02
1.250439162488332367e-01
1.809325922345191018e-01
9.899420839345446366e-02
4.051254923639512756e-02
9.754585807532090147e-02
8.589513188595356008e-02
1.178015540528197791e-01
9.274844398040746341e-02
1.072552366037956423e-01
7.218148239187051340e-02
9.268634859115161551e-02
1.302967770205171461e-01
9.012416670092471271e-02
1.241414854166986714e-01
4.038460803921729847e-02
7.542473854249860665e-02
1.861991308852292692e-01
8.233088312038754075e-02
7.356273329393014926e-02
1.254371071042249264e-01
5.875271133230151183e-02
1.161687332301388487e-01
9.051014994387220070e-02
9.547528443906798390e-02
1.592273197849894129e-01
9.278152041678976170e-02
8.002363308921156548e-02
3.964082909742931010e-02
1.472166007353962747e-01
5.665679301759785069e-02
8.563038055509578084e-02
9.841046299456759905e-02
5.177505516858098289e-02
8.094668351345336854e-02
9.467508731381552023e-02
1.689696074391960068e-01
1.330593616099375875e-01
8.114137297622391054e-02
7.382425690222557679e-02
1.543122733107983591e-02
1.547983250054258131e-01
1.559296281229218539e-01
7.374153696687221760e-02
5.230226103801360882e-01
5.584239841307381963e-02
6.367418343370216671e-02
1.656038185835155274e-01
1.108958526844106007e-01
5.723753755159931289e-02
9.681319190477397085e-02
9.669334057552395056e-02
4.628783023864633250e-01
5.309603168149232277e-02
9.949509181603799490e-02
8.593316286644850366e-02
5.921325018107986837e-02
1.400011552727124520e-01
9.125963717781591933e-02
9.726538224254585585e-02
8.550835495967291922e-02
7.802543257400805510e-02
1.345556067002345313e-01
7.101290821062204717e-02
5.820197522976375271e-02
1.108816386132388532e-01
1.381500419728121098e-01
1.427154683660492307e-01
1.075285745402653204e-01
6.652282210915834437e-02
