-1.444613673749923222e-01
-1.568880556681401806e-01
-9.960679624192966819e-02
-5.926256306206278968e-02
-8.658747170493494294e-02
-2.269868403073951185e-02
-1.275020646580799222e-01
-1.294265819636909454e-01
-9.038123499263853167e-02
-1.412257903368216994e-01
-1.293905567522951050e-01
-1.142606987047209977e-01
-1.341990654426954699e-01
-7.927932816191607390e-02
-7.678998694154307025e-02
-1.159851505848090714e-01
-1.423889836551483767e-01
-7.648492997091568824e-02
-1.362932335842368392e-01
-1.246043888799446830e-01
-1.253710468749755502e-01
-1.952537772656033621e-01
-8.080255429166799397e-02
-1.027029293124986087e-01
-1.294148284323092812e-01
-8.512686938955119076e-02
-1.027952002535106185e-01
-5.389547656217234806e-02
-1.025660171550091954e-01
-1.037766025018847793e-01
-1.393818031861106532e-01
-9.323238092450653047e-02
-2.146096168982066302e-02
-9.335775778517624302e-02
-1.524748079468492556e-01
-1.069608624186886570e-01
-1.372479505732119298e-01
-1.644927132192134378e-01
-8.917354359731380353e-02
-8.996298540427921653e-02
-1.226238373056685038e-01
-1.095129543817134343e-01
-4.153008834182976561e-02
-1.437527810933668104e-01
-1.392245564596578389e-01
-1.655110269468290651e-01
-1.237000136042829823e-01
-1.652051611815430476e-01
-1.008337451774307253e-01
-1.194923245839407122e-01
-7.318891990473991305e-02
-1.320090756054443371e-01
-1.450228729323001231e-01
-1.196279328648000989e-01
-1.055361645806214554e-01
-9.530264859237652653e-02
-1.070897321497664978e-01
-1.063700272600451302e-01
-1.532785309381051730e-01
-6.177132659985790086e-02
-1.325447801008655668e-01
-1.318326296734049774e-01
-9.024151590189558036e-02
-1.496602642899530489e-01
-1.658672098147782048e-01
-1.461100431558173263e-01
-2.033285299561050086e-01
-5.362020213957044423e-02
-1.269018677587163968e-01
-1.272634796411420688e-01
-1.699120865748920406e-01
-1.359450643389910618e-01
-2.228335424591199043e-02
-1.330810042669132720e-01
-8.207653606462831861e-03
-1.272540692533113971e-01
-1.198384783300649042e-01
-5.795318932985604743e-02
-7.854271936230898532e-02
-1.389898442015930213e-01
-1.051903438166332388e-01
-3.549050282506162612e-01
-6.742534033640468216e-02
-1.725880342988102556e-01
-1.134603055689481776e-01
-2.039964742744176385e-01
-1.670807914053298870e-01
-7.269990748792291846e-02
-9.817468408345568498e-02
-1.303805985316840443e-01
-1.047839777197258487e-01
-1.426757525653090386e-01
-5.954349923161066094e-02
-1.191261532073434048e-01
-1.421146653522099568e-01
-1.116082141037028630e-01
-4.372780208412306580e-02
-2.035728095829767437e-01
-8.040882176731907471e-02
-1.522555294953187865e-01
