-4.634351842219174289e-01
-7.522765882010378213e-01
-3.187683854190399568e-01
-3.297908162012246347e-01
-6.111604769848675289e-01
-2.688416320621381805e-01
-3.629077079790872795e-01
-3.262643545287106650e-01
-4.202881457806823540e-01
-3.520302186281004109e-01
-3.961493365975247705e-01
-3.841961841893987151e-01
-6.419873166269641773e-01
-3.310574281103088046e-01
-2.856930847705448917e-01
-3.439350191804250167e-01
-5.412547093771731266e-01
-3.216187184695533663e-01
-4.127997408978115734e-01
-4.329389626674525204e-01
-3.611644397032254261e-01
-3.954636634195926592e-01
-3.238937185902331928e-01
-7.912168534308702261e-01
-5.456671809421652641e-01
-2.613106039051839025e-01
-5.117564265065955853e-01
-3.531254958165234159e-01
-3.283550984580845267e-01
-3.226532381653055559e-01
-3.592585042790586991e-01
-4.799940638920039415e-01
-3.483184445445329236e-01
-3.631416902411054304e-01
-3.417370049512573615e-01
-3.467743032460116059e-01
-4.462801320996203081e-01
-3.775336926645316837e-01
-3.037102039608361448e-01
-3.956628401081984103e-01
-3.317896908220396290e-01
-4.258777252482472409e-01
-2.294627421704953096e-01
-4.362992899132429603e-01
-4.148878053397957455e-01
-3.596147068743630881e-01
-3.434244824963623710e-01
-4.106968068589879062e-01
-3.022171649308018626e-01
-3.323132853175105317e-01
-3.180843202155019256e-01
-3.255563722548532324e-01
-8.573881728496615118e-01
-3.755168147046880067e-01
-4.106009091369927644e-01
-4.615460352541241318e-01
-3.294408733967904013e-01
-3.180054883345173611e-01
-3.378195386869365380e-01
-3.902323479769276293e-01
-3.330688578351996831e-01
-3.577597680742427011e-01
-3.056901605866803040e-01
-3.417063558881379137e-01
-3.711994372377643847e-01
-3.635814589668591168e-01
-4.464083935922462110e-01
-2.903691616270899223e-01
-3.643687873905707142e-01
-3.537582077094625355e-01
-3.508435923187029348e-01
-3.811012570696850621e-01
-2.462573217013397930e-01
-3.376741798571428754e-01
-3.437028210969422792e-01
-3.201033065239752839e-01
-3.216484311438851385e-01
-4.132297201980685841e-01
-3.157648079729121759e-01
-3.389771667078745887e-01
-3.503417747400385807e-01
-6.409673052198836540e-01
-3.714397257020706777e-01
-3.776036830442184300e-01
-3.869306175546767812e-01
-7.116016130227686975e-01
-3.719132226954683373e-01
-3.308787856051807474e-01
-3.122997597821453031e-01
-5.262645596187840447e-01
-3.266646284503175179e-01
-4.833036906839753843e-01
-3.077216330478507178e-01
-3.247433550519785439e-01
-3.418311803982647112e-01
-5.162561225732648085e-01
-2.652379994996978962e-01
-4.235002807753385223e-01
-2.884129698341353354e-01
-3.546554418049128743e-01
