5.988126548519728809e-01
6.070448249967687060e-01
5.491168281360925274e-01
5.451588888984899572e-01
5.787238419593502270e-01
5.213027938032293029e-01
5.562201351834459295e-01
5.321504466520059484e-01
5.823073694352370877e-01
5.407220893887397795e-01
5.669591293290603407e-01
5.572657291375828770e-01
5.877742457522909802e-01
5.466801226489614862e-01
5.405181952650183197e-01
5.685799148165014971e-01
5.752532723452741248e-01
5.668851856467488348e-01
5.683943988624208243e-01
5.827435902639637177e-01
5.701791831198671501e-01
5.526631638845196370e-01
5.245487821754564184e-01
5.797352945710768646e-01
5.849048879181606431e-01
5.138889752934447941e-01
5.411532701701212700e-01
5.548426550637743926e-01
5.377719374090622617e-01
5.362902521929410193e-01
5.468843288820036674e-01
5.573865918732161528e-01
5.357653837184166434e-01
5.280261507514381059e-01
5.291931960899818321e-01
5.710222094600827525e-01
5.825319427703783415e-01
5.552240912113528548e-01
5.238475277730254565e-01
5.585677904539891880e-01
5.408288888867411881e-01
5.599622049426737913e-01
4.960244614845361610e-01
5.848902716770835175e-01
5.676033244325513483e-01
5.206573029252553608e-01
5.657179147486657289e-01
5.729938187131704552e-01
5.287559494804638938e-01
5.393436628456724780e-01
5.478799225674363393e-01
5.269443232171302505e-01
5.762745684272054802e-01
5.822811793996508500e-01
5.763455510284994920e-01
6.220087014370075940e-01
5.563973419866766745e-01
5.210767159548597149e-01
5.378132202115107896e-01
5.369250157081331132e-01
5.228741967276151481e-01
5.590463918489314565e-01
5.498562503267263590e-01
5.216585857646769409e-01
5.581618008839664968e-01
5.562790026499591090e-01
5.573631316629161780e-01
5.223257683793078865e-01
5.768007906667609319e-01
5.597959955427261880e-01
5.280791295473327152e-01
5.734220946016866938e-01
5.262820737446196606e-01
5.587153644044222656e-01
7.837328058287134080e-01
5.312276555964378089e-01
5.333709388142131580e-01
5.584110287749988188e-01
5.379502172360540735e-01
5.398370099426242907e-01
5.649563173485733225e-01
5.358673392750763487e-01
6.946026503036679678e-01
5.242224532740740184e-01
5.781717789584530642e-01
6.441065503235477996e-01
5.462870914653108478e-01
5.577879652989354842e-01
5.463341831075905208e-01
5.615018007182882576e-01
5.477631817993919849e-01
5.954549109243519878e-01
5.286762045541859578e-01
5.338769041623854239e-01
5.326327013821867684e-01
5.656167290268514503e-01
5.249412143598704006e-01
5.360006875612715049e-01
5.196782680285517708e-01
5.863300465469384326e-01
