1.688632839433625632e+00
2.441796937377258114e+00
1.170764744888841413e+00
1.244901107300509846e+00
1.796863070238574389e+00
1.076624421476000792e+00
1.430032780334593134e+00
1.094433502594527541e+00
1.498120334103061335e+00
1.279501311239945816e+00
1.807437961954752925e+00
1.542926342144621099e+00
2.382876539120451387e+00
1.226789887582349081e+00
1.091872277417467618e+00
1.405427993927158115e+00
2.057680375038363429e+00
1.229700434719222413e+00
2.465906729432243871e+00
1.584543527070724656e+00
1.419158888936769891e+00
1.119630285473417697e+00
1.275540856783304644e+00
2.156109228009870371e+00
1.916329207362235110e+00
9.285832540856882034e-01
2.204509852150679183e+00
1.280816945905592030e+00
1.261113926973313148e+00
1.193515171979275591e+00
1.551146393215367736e+00
1.730892112141928507e+00
1.282503043205997173e+00
1.431641370906720612e+00
1.114533875392524687e+00
1.290911267905276105e+00
1.904619957148623755e+00
1.623411320321707318e+00
1.139911546447537338e+00
1.399440892293156269e+00
1.310206450558375035e+00
1.673569887780021803e+00
8.901546502359252155e-01
2.349338992797676884e+00
2.835392045430080277e+00
1.110544055344125702e+00
1.273291955576053569e+00
1.553444470738535088e+00
1.109155217146622574e+00
1.279698009601031083e+00
1.233239784460374189e+00
1.103984282246235349e+00
2.767320140627874014e+00
1.492171143575989234e+00
1.488267279609106986e+00
1.364504172320670339e+00
1.280555818213247710e+00
1.149835344581032981e+00
1.071243117582588500e+00
1.357402777059540711e+00
1.201604553546084420e+00
1.519723341244101578e+00
1.131140610616327091e+00
1.166768759619791540e+00
1.350075333104086672e+00
1.665107106903895628e+00
1.442637022794399204e+00
1.133048189755986979e+00
1.432897221606086013e+00
1.436284166859926215e+00
9.971249960870782747e-01
2.353704635938028034e+00
1.028440839399492157e+00
1.290765758224043491e+00
2.327981281865671104e+00
1.027435206254355027e+00
1.190578559591071173e+00
1.368377586837627558e+00
1.266043492978253804e+00
1.264804792998099670e+00
1.337210569836527752e+00
1.164180527994075565e+00
2.551464816392648771e+00
1.253080274206999523e+00
1.441573176500559494e+00
2.171559309253142889e+00
1.237980043369239391e+00
1.213501987038345220e+00
1.160794069939244721e+00
2.165163439283845914e+00
1.230196620104799576e+00
2.186249647608214719e+00
1.245263272402773014e+00
1.197938840468724120e+00
1.190379876698987260e+00
1.885591146695729803e+00
1.018103591904818472e+00
1.592103675190835066e+00
1.083667556395004450e+00
1.266604986363970564e+00
