5.355493823835312250e-01
5.459457011188594278e-01
5.077052663444699965e-01
5.019006215883936584e-01
5.250213083597548014e-01
4.832086248713340915e-01
5.062983707083907881e-01
4.915225739475614364e-01
5.268800545077026998e-01
4.984054952288332063e-01
5.180871473115420400e-01
5.117587592761544402e-01
5.367925597935662152e-01
5.033082355457112467e-01
4.972276441499106081e-01
5.181112875398514728e-01
5.221733001420574283e-01
5.196393166453499024e-01
5.163519992217356913e-01
5.307222649569462991e-01
5.171611138344335279e-01
5.084445107552181264e-01
4.853114137228266012e-01
5.273073674721333592e-01
5.263744244393544491e-01
4.732081437950924063e-01
4.956567839935350217e-01
5.106074548982934003e-01
4.952887946356880344e-01
4.954458890572449592e-01
5.070843226836828643e-01
5.093865086386910601e-01
4.945382393801397991e-01
4.886216659878627189e-01
4.925145978143395387e-01
5.215928390602014852e-01
5.281250679079096955e-01
5.101064722628471104e-01
4.834228161869070783e-01
5.168182939840029189e-01
5.016081712147517635e-01
5.151922171836380571e-01
4.604752747717741346e-01
5.280565874615342770e-01
5.193552069925513326e-01
4.811775450424169431e-01
5.159309181987523640e-01
5.232145032612581792e-01
4.899474451668888730e-01
4.969971355575991678e-01
5.026717694959783600e-01
4.885655734278367412e-01
5.232073948977711275e-01
5.291128831168040447e-01
5.234184396507066683e-01
5.513534546505586276e-01
5.100684678421277818e-01
4.817282205087353719e-01
4.949347804282329122e-01
4.947056979347724259e-01
4.820178810839059191e-01
5.135329284845751019e-01
5.052140786522935079e-01
4.835934374947550296e-01
5.143998128401923164e-01
5.130470169608611908e-01
5.107048660581322563e-01
4.828522244122445128e-01
5.246717939736522673e-01
5.146733222797962304e-01
4.889243630519898853e-01
5.201280266602469338e-01
4.875448792878041004e-01
5.137928362606076771e-01
6.472163378926325539e-01
4.918061533937329588e-01
4.909410884443343726e-01
5.126594436716551684e-01
4.947277094286486321e-01
4.985703824487593971e-01
5.178823835329484648e-01
4.936082233956218257e-01
6.067855087423659199e-01
4.848692753852021364e-01
5.257139830774588685e-01
5.721456613348863129e-01
5.049363064492774500e-01
5.114067800286070664e-01
5.056069123827946488e-01
5.142548656250391925e-01
5.039072947850427031e-01
5.377219860177708810e-01
4.889983624332063794e-01
4.917443738114093965e-01
4.901389871930038611e-01
5.201171415368794904e-01
4.857820141453554341e-01
4.941908188373544952e-01
4.811246036242664559e-01
5.294098056696541210e-01
