1.171079996148915336e+00
1.428690305142472861e+00
8.759099031755648301e-01
8.907927458877576976e-01
1.110853740438846327e+00
7.887005303525401745e-01
1.049454792020237726e+00
7.962607447916137948e-01
1.002517263299705252e+00
9.077597098844683021e-01
1.112679331182464315e+00
1.039975112908107402e+00
1.320960200783369620e+00
8.755064881956037270e-01
8.140266807402489757e-01
9.581678545703445904e-01
1.272403589217253161e+00
8.871950821648683094e-01
1.397969917927290195e+00
1.112201685238569215e+00
1.002445395336458267e+00
8.369468697906564669e-01
8.605716307451674041e-01
1.228683556761484663e+00
1.198747680537335381e+00
7.124551680089357131e-01
1.163887075133694049e+00
9.004767999996001748e-01
8.894618654867090246e-01
8.464185582468511937e-01
1.021319312471528296e+00
1.099746748014567066e+00
8.786134417811380937e-01
9.446102493612421602e-01
8.227219503284260993e-01
9.223677385240093285e-01
1.246636903324996659e+00
1.054402708153770130e+00
8.176689843937338109e-01
9.702433858263932454e-01
9.067610018089635737e-01
1.077435738528293330e+00
6.840859193183508324e-01
1.339258379369431484e+00
1.426655635792184684e+00
8.030357024356151729e-01
9.095607751180759815e-01
1.048966654233563833e+00
8.090287241413134378e-01
8.786228339604982285e-01
8.756282611003156635e-01
8.064145250018095457e-01
1.465201091556464386e+00
1.066410164422501472e+00
1.022569672705520460e+00
1.020588095361587788e+00
9.014771684025972842e-01
8.170991063692095713e-01
7.958338382875542738e-01
9.428531209813471037e-01
8.617706974871677250e-01
1.023715310853477334e+00
8.392095957993900290e-01
8.227203069178545825e-01
9.616445056310148898e-01
1.075150218526021328e+00
9.910830761855183857e-01
8.071661358966882860e-01
1.008757875296725892e+00
9.819858550263612651e-01
7.580821254740475190e-01
1.315136094089991436e+00
7.688906307760234871e-01
9.171479553357617664e-01
1.593142561838538418e+00
7.803311233217876675e-01
8.504920885076173720e-01
9.925548839487355890e-01
8.723269632422543385e-01
8.751272366435453032e-01
9.422838519265156476e-01
8.401871588902966037e-01
1.578845813153203492e+00
8.655235931903348945e-01
9.930951511241020713e-01
1.392551808576223182e+00
8.606197194272574569e-01
8.798713750419526747e-01
8.494789253887318203e-01
1.226317156769823002e+00
8.690719262505390841e-01
1.264186848926946105e+00
8.532721515824488456e-01
8.551986255148260607e-01
8.396739480595835081e-01
1.138094824924439141e+00
7.990057896223781153e-01
9.673313120834463597e-01
7.868665768510832992e-01
9.244136641487055162e-01
