1.015035173947212765e+00
1.085739698930691333e+00
7.936503282283551286e-01
7.786313014209146344e-01
8.828656050983312298e-01
7.148347683356013338e-01
8.144606502295237416e-01
7.368504531634971766e-01
8.869205684552745605e-01
7.769377037359808114e-01
8.885245836143771392e-01
8.338634389574658412e-01
9.318990345229346550e-01
8.026874418947674839e-01
7.473936923819024525e-01
8.511511438086771797e-01
1.022735473200135026e+00
8.355297188691327426e-01
9.307777406060335768e-01
9.443924292012269017e-01
8.517305924470846001e-01
7.626886849716733030e-01
7.381945633177777744e-01
9.211749021280933869e-01
9.546924519949133714e-01
6.777335379963632667e-01
8.004573532157371885e-01
8.135248423197540824e-01
7.605846892180114782e-01
7.650052798401625331e-01
8.710081130592359777e-01
8.221221531234249591e-01
7.568478069824797760e-01
7.506968577117312247e-01
7.417328141706575062e-01
8.656329623047027688e-01
9.938770445263680475e-01
8.239654793373483166e-01
7.245996959201297383e-01
8.534720399803382707e-01
7.829797826571857078e-01
8.725498473295075774e-01
6.386098414936286494e-01
9.757381972927053893e-01
8.851418920754101638e-01
7.054450693554041862e-01
8.428324495205564704e-01
9.474206218754455122e-01
7.277006812410655723e-01
7.531839128642155989e-01
7.639539741989174182e-01
7.335411712587218691e-01
9.511868158354195302e-01
8.831326437965207887e-01
8.905361377721014993e-01
9.301480346024498802e-01
8.116139307859864260e-01
7.090550155698617241e-01
7.365361541582080562e-01
8.042139996652404310e-01
7.107739180503982457e-01
8.311065063428956234e-01
7.606493390682693700e-01
7.171499368345617409e-01
7.860052464814448747e-01
8.599354789847712954e-01
8.605304366860568877e-01
7.241937989619426919e-01
8.714381021958379492e-01
8.553764682796403118e-01
7.184198088513280567e-01
9.835545331149877502e-01
7.072403401367268749e-01
8.213592408181626947e-01
1.610894917990906228e+00
7.263914518270184750e-01
7.469927204902946372e-01
7.971683467566474945e-01
7.775290017905357454e-01
7.821853754408194526e-01
8.630901536518410522e-01
7.492300853148853301e-01
1.370425860478450941e+00
7.280475331638422976e-01
8.978455935116897990e-01
1.207363070346154199e+00
7.551042878841593975e-01
8.255031172902868031e-01
7.812067782727680765e-01
9.205250259719429673e-01
7.954098174886973238e-01
9.524681724222652246e-01
7.632272306848819632e-01
7.689021159536795214e-01
7.514081160446821617e-01
8.666905987103914466e-01
7.124263774246143432e-01
7.678756186404784856e-01
7.093274992644096333e-01
8.767111715220450296e-01
