1.056888455514785941e+00
1.816753235863123095e+00
5.906983552090283585e-01
6.664472389715412337e-01
1.018059452390457365e+00
5.431337615996997270e-01
8.606554868986425744e-01
5.607338188934738454e-01
7.757356503476493526e-01
7.026390844910375133e-01
9.889941138785015573e-01
9.124413491126917020e-01
1.596116910084667717e+00
6.535039163142500884e-01
5.463863276282482362e-01
7.556363121440635711e-01
1.388569175370656161e+00
6.278078148672627812e-01
1.762134609210814773e+00
9.914855258643882063e-01
8.377878182011064823e-01
5.649170930356153253e-01
6.266576298285346791e-01
1.287012994789673570e+00
1.179995685301333364e+00
4.631104584406375291e-01
1.225880516609383575e+00
6.716609461518440183e-01
6.424664896038223549e-01
6.225534441518619788e-01
8.478301209329288657e-01
1.000457904811629328e+00
6.534756142353939090e-01
8.042429937374453441e-01
5.604412269514013056e-01
6.596923781023851241e-01
1.251506081440314277e+00
9.987013933114565756e-01
5.787108241216225579e-01
7.394847350021446220e-01
6.903879299208237619e-01
9.110859471160044354e-01
4.387898417104491022e-01
1.536475665654180034e+00
2.012357523889166444e+00
5.841076092839490030e-01
6.730246587480508413e-01
8.803934906450495701e-01
5.462782172722868701e-01
6.511958200727919754e-01
6.434697368004882456e-01
5.562284177969649690e-01
2.004785945567548300e+00
8.788658885478836114e-01
8.978359712043171292e-01
8.297370910590924353e-01
6.651943069238398509e-01
5.913112720728361804e-01
5.273514981991176409e-01
7.529782840353088647e-01
6.350762678238343062e-01
8.893650268219693844e-01
6.049666222787176695e-01
6.095508546589788468e-01
7.550235065472505891e-01
9.463053513749628554e-01
7.901295163538288868e-01
5.917176718932888324e-01
8.294458186403360633e-01
7.716914630451691126e-01
4.869321725587271166e-01
1.458591619917016580e+00
5.005978280699260319e-01
6.615443523031862005e-01
1.974259440537259547e+00
5.251633373966558826e-01
5.999020538779564760e-01
7.863359481425511444e-01
6.337445895722830791e-01
6.253275132153436333e-01
6.905525971695911647e-01
5.817528967225263914e-01
1.978600561721831630e+00
6.490719912249478529e-01
7.707585051486851579e-01
1.525760037049359807e+00
6.338717893673267989e-01
6.585586984104561115e-01
5.735080754641881384e-01
1.343578884986842858e+00
6.250526338998609877e-01
1.272140436295269517e+00
6.141662034567330064e-01
6.270533423873070333e-01
5.945293679597402070e-01
1.088203128449394930e+00
5.360695955213082842e-01
8.090169042859702841e-01
5.726255686926248201e-01
6.919916624914583814e-01
