5.690442987170075961e-02
6.700624793029838489e-02
4.261988632174018576e-02
4.411418804658069626e-02
5.029107185535389851e-02
4.418784953485951905e-02
4.972265848614960959e-02
4.035675129218354446e-02
5.143737064538381892e-02
4.590295622944662313e-02
5.282204314359274788e-02
5.119088769123331800e-02
6.022995451806720940e-02
4.236239734637085863e-02
4.222002530306986912e-02
5.108557957847417036e-02
6.485828147553418521e-02
4.873535096401836186e-02
5.733207053862523356e-02
5.806693905272512779e-02
5.375684693671744369e-02
4.070482350449664000e-02
4.277361471774246415e-02
5.380378546113370741e-02
5.973722359984705299e-02
3.688161701434218565e-02
4.708587548070738982e-02
4.711248423191062573e-02
4.219660202063991311e-02
4.160418309413507071e-02
5.409488263442117223e-02
4.749789302595953944e-02
4.278106983064274005e-02
4.313610902658274876e-02
3.715242590142519424e-02
4.923743118549414599e-02
6.269046002772754589e-02
5.007167300227328977e-02
4.548734124326812844e-02
4.731007822303893995e-02
4.272350761495746774e-02
5.044272655071353750e-02
3.284303785263241460e-02
5.956169514726310232e-02
5.591494682765446589e-02
4.141553363451327963e-02
5.209273359873942827e-02
5.884257902651753025e-02
4.235603429976499829e-02
4.409799805036979797e-02
4.582346370754726561e-02
4.075287640187776061e-02
6.449649119850651979e-02
5.320893712693364197e-02
5.500182399446278125e-02
6.068980977356079609e-02
4.715150870331875216e-02
3.800973175973865886e-02
4.265013584378918310e-02
4.403293816915140185e-02
3.718302107193571793e-02
4.665629355980004805e-02
4.425356474767764420e-02
4.336321871355075519e-02
4.449989698835269541e-02
4.850029829012725974e-02
5.049113229750874787e-02
4.073231266575241122e-02
5.332280736421089740e-02
4.741674625060530307e-02
3.608795767959981082e-02
6.036332105620732108e-02
3.958607355237236947e-02
4.515631817342861259e-02
1.152269979931734301e-01
3.799521864831272022e-02
4.185733468529234669e-02
4.801736436015670295e-02
4.265103776409773229e-02
4.352503259118926243e-02
4.858721495297625009e-02
4.340324777290882619e-02
9.250072064562944729e-02
3.645643865125552940e-02
5.743216501208781716e-02
7.767902860130729281e-02
4.582059728095814327e-02
5.216493467732195854e-02
4.256110569679532468e-02
5.862334329759782969e-02
4.826341889502451521e-02
6.162489604541385169e-02
4.481349788883177976e-02
4.458504990606186602e-02
4.505499363918093886e-02
4.819275349432871475e-02
3.975922292612825426e-02
4.718495572530622545e-02
4.110666052522950892e-02
5.006893482234928139e-02
