9.454400625538376124e-01
1.760528974152407278e+00
4.612092639778256897e-01
5.295225773872074271e-01
8.779930239079151155e-01
3.977728057678813767e-01
7.036366051438475155e-01
4.478212669401815393e-01
6.123976185017021567e-01
5.533562422858927521e-01
9.239099909344731243e-01
7.863856871905049450e-01
2.077880273301450753e+00
4.870916458795028214e-01
4.897158208615470243e-01
7.796312675356612543e-01
1.190123280698949459e+00
4.425949161321133807e-01
1.685122903419547624e+00
9.708297065332437414e-01
6.062441804702075610e-01
5.445885610640271990e-01
5.006310229525585687e-01
1.117943334395932853e+00
9.179574486753605544e-01
4.242904736391521769e-01
1.029150988500686648e+00
5.038519513444683628e-01
5.328383686751991810e-01
6.965044185191542336e-01
6.339308235794198776e-01
8.122788223347073844e-01
4.964614356304592468e-01
6.575405993971221719e-01
4.049118555448963930e-01
5.314339483566820066e-01
1.047432604207189311e+00
1.097772026765087894e+00
4.861977164991733158e-01
6.258954789953764530e-01
5.183645124995803766e-01
7.493700632139826956e-01
3.390009811018429020e-01
1.262561129698186013e+00
1.594032395241875788e+00
4.339326295150778834e-01
4.999949061519741722e-01
6.713477891211772075e-01
4.683723548019208538e-01
4.795883983511069482e-01
5.058291792232457729e-01
4.826571013417522149e-01
1.432544334696412180e+00
8.595502581935182684e-01
7.058571228609945569e-01
6.382050085543307105e-01
5.078004873944502728e-01
4.710650797534934875e-01
3.896506392543987451e-01
7.548023017125465861e-01
6.166973301550737752e-01
7.579227057025721415e-01
4.887340652266152774e-01
5.634436608266140123e-01
8.739287205012895576e-01
8.467089419318375443e-01
5.650200331503425488e-01
4.293583222202320138e-01
7.644136059685749940e-01
5.679659085348154335e-01
4.462332822875419991e-01
1.207811019822248921e+00
5.411261632270888411e-01
4.763653731330426133e-01
1.485308380959676322e+00
3.709631733821682209e-01
4.642227841286407086e-01
7.033337142701452382e-01
5.147598656623622038e-01
4.586073687267549492e-01
5.031609860782741972e-01
4.170538533436529138e-01
1.891643699090771014e+00
5.053478408372297226e-01
5.823907187771208971e-01
1.194193423207721816e+00
5.195798914506690735e-01
5.750081099117907435e-01
5.583297872703421039e-01
1.088538855425390750e+00
4.739664550520384934e-01
1.056832938301477842e+00
4.763979236918345350e-01
4.725035921058590160e-01
4.575616607428130700e-01
7.846589498532012819e-01
4.383496966855367494e-01
6.662388062713328063e-01
4.036004116366270211e-01
5.963671210689971414e-01
