2.421299068906389018e-01
3.253441236750745924e-01
1.583731440555880832e-01
1.726576517484835205e-01
2.271804850949212251e-01
1.513285801146400933e-01
1.951011993223317198e-01
1.544561370450904247e-01
1.961032216410623641e-01
1.689430576614806556e-01
2.229147687287568735e-01
2.013873677578251198e-01
2.936471894768175606e-01
1.721112029778382180e-01
1.527279601552249677e-01
1.942184846614975202e-01
3.021691324205286744e-01
1.715509240203557662e-01
2.839418047365144249e-01
2.309435943563196980e-01
2.062140651682100312e-01
1.575599309956484673e-01
1.658606996496710395e-01
2.496225849162146959e-01
2.627353260626039688e-01
1.299742619507162078e-01
2.229564009883577835e-01
1.778138017911177760e-01
1.649538131581597677e-01
1.622540349691371786e-01
2.143868103131996716e-01
2.003668548670936855e-01
1.634758231570446196e-01
1.810715322418345874e-01
1.446117278309672627e-01
1.801003773865118007e-01
2.674085165061836911e-01
2.116947998694762301e-01
1.620049416671333342e-01
1.874553011353799203e-01
1.704948792460340423e-01
2.183085975959539460e-01
1.215476389580868732e-01
2.923146613221105916e-01
2.814495007817495731e-01
1.542785533171983081e-01
1.901842233328580045e-01
2.327103539462633819e-01
1.535054786925526549e-01
1.705266239852624988e-01
1.718125626721566102e-01
1.505176588737943966e-01
3.232616261696446003e-01
2.080760206221218822e-01
2.112206474761995079e-01
2.147856343506657772e-01
1.761140908218845613e-01
1.517023904782263399e-01
1.488253200308346236e-01
1.868109425232030718e-01
1.488738182951492295e-01
1.978717938074125438e-01
1.636109126453108020e-01
1.616807398459119416e-01
1.713849524708703775e-01
2.047918132710653261e-01
1.964753790599544359e-01
1.507321618434892263e-01
2.009902789391624922e-01
1.916401657508598477e-01
1.342697706302972693e-01
2.742833680221143933e-01
1.385179234505813650e-01
1.768881308233010707e-01
4.985088549277013614e-01
1.411876554501552694e-01
1.590310952409200451e-01
1.784597777847913291e-01
1.641834539581574770e-01
1.637354813613841609e-01
1.865021238078983234e-01
1.571028823229950189e-01
4.410988145576912323e-01
1.604737243073534325e-01
2.112147378069351156e-01
3.450790531822184315e-01
1.669447082767308022e-01
1.812533888234671153e-01
1.579229506838223940e-01
2.773190388876836110e-01
1.774737059934211325e-01
2.615390846146748438e-01
1.647552542041080814e-01
1.640150363804506184e-01
1.618666288648650808e-01
2.268737243863769848e-01
1.449517238782752626e-01
1.918751562546750777e-01
1.524579622850741889e-01
1.813254952520265695e-01
