# Lr dLr
# e28 erg/s
# -1 means upper limit
# Taken from Gusinskaia et al. 2020: https://arxiv.org/pdf/1908.04778.pdf
# -----------------------
0.84 -1
2.17 0.31
2.11 -1
2.17 0.27
2.62 0.23
2.48 0.23
3.32 0.27
1.38 -1
1.53 -1
1.42 -1
2.97 0.35
3.84 0.36
1.89 -1
2.51 -1
3.05 0.78
3.63 0.42
2.18 0.51
3.79 0.81
1.31 -1
0.98 -1
1.45 -1
2.94 -1
1.91 0.57
1.16 -1
2.22 -1
2.43 -1
2.54 -1
1.45 -1
1.56 -1
1.71 -1
3.63 -1
8.23 1.10
4.92 0.75
4.85 0.61
2.46 0.75
0.98 -1
3.84 -1
2.77 0.68
1.53 -1
2.29 -1
1.70 -1
1.16 -1
3.06 0.44
1.68 0.61
2.63 -1
# Latests outburst below:
6.24 0.31
6.03 0.23
9.81 0.23
3.14 0.16
0.18 -1
0.13 -1
0.07 -1



