# Lx dLx
# e36 erg/s
# -1 means upper limit
# Taken from Gusinskaia et al. 2020: https://arxiv.org/pdf/1908.04778.pdf
# -----------------------
15.59 1.38
2.72 0.10
2.65 0.01
3.81 0.12
4.93 0.31
4.97 0.32
13.54 0.04
1.48 0.19
0.03 0.00
0.01 0.00
2.77 0.08
5.63 0.34
1.97 0.01
0.21 0.01
1.68 0.01
2.33 0.08
2.61 0.21
2.82 0.11
1.69 0.11
1.00 0.06
0.55 0.02
2.64 0.11
0.91 0.00
0.64 0.09
0.74 0.15
0.66 0.00
0.60 0.03
0.63 0.01
2.40 0.01
2.64 0.02
4.09 0.03
4.58 0.11
11.69 1.47
15.40 0.37
20.72 1.29
16.61 1.17
14.49 0.12
20.21 0.16
27.48 0.86
28.19 0.17
27.00 0.61
20.92 0.11
1.79 0.03
1.07 0.02
0.80 0.06
14.42 0.25
38.70 4.85
76.65 2.33
4.54 0.07
0.31 0.04
0.14 0.02
0.06 0.02
