# HR dHR
# no units
#
# Taken from Gusinskaia et al. 2020: https://arxiv.org/pdf/1908.04778.pdf
# -----------------------
0.46 0.03
0.64 0.02
1.11 0.01
1.14 0.02
1.07 0.02
1.11 0.02
0.47 0.01
0.91 0.04
1.36 0.34
1.45 0.34
1.12 0.01
1.10 0.02
1.10 0.01
1.12 0.03
0.70 0.01
0.61 0.02
0.64 0.03
0.87 0.02
1.01 0.02
1.05 0.02
1.07 0.03
1.09 0.02
1.06 0.02
1.08 0.04
1.08 0.05
1.12 0.02
1.11 0.02
1.13 0.03
1.11 0.02
1.12 0.02
1.05 0.01
0.86 0.01
0.54 0.03
0.46 0.01
0.45 0.02
0.47 0.02
0.47 0.01
0.46 0.01
0.45 0.02
0.46 0.01
0.46 0.01
0.44 0.01
0.95 0.02
1.05 0.02
1.08 0.02
# Latests outburst below:
0.86 0.09
0.40 0.09
0.44 0.06
0.64 0.06
1.00 0.01
1.00 0.01
1.00 0.01
